74 0 4 192 1 183 Presence 71
41 0 1 264 1 104 Absence 85
60 0 4 130 1 81 Presence 45
43 0 3 252 1 159 Presence 55
54 0 1 262 2 109 Absence 99
59 0 4 300 0 177 Absence 58
43 0 4 296 0 131 Absence 77
31 0 3 238 1 77 Absence 81
51 1 2 287 0 111 Absence 70
73 1 1 182 2 80 Absence 96
35 0 2 199 1 163 Absence 30
75 0 4 238 0 79 Presence 40
49 1 3 212 1 110 Presence 83
33 0 4 179 0 72 Presence 27
46 1 4 132 1 82 Absence 22
38 1 1 165 2 120 Presence 97
49 0 3 164 0 116 Presence 8
31 1 4 329 1 100 Presence 26
29 0 2 125 1 153 Presence 34
37 1 1 329 1 198 Presence 48
31 1 1 181 2 100 Absence 63
77 1 3 252 2 156 Presence 88
33 0 3 270 2 205 Absence 25
66 0 3 187 0 124 Absence 60
68 0 3 153 0 144 Absence 16
69 1 1 171 0 158 Presence 82
73 1 2 189 0 81 Presence 75
42 0 3 163 1 116 Presence 79
79 1 2 219 1 102 Presence 7
50 0 2 343 0 167 Absence 92
32 0 2 201 0 144 Absence 65
56 0 1 156 1 130 Presence 84
31 0 2 276 1 131 Presence 17
53 1 3 151 0 136 Presence 19
69 1 3 244 0 163 Absence 64
31 1 2 285 1 151 Presence 53
40 1 4 293 2 112 Absence 69
79 1 1 307 0 139 Presence 36
74 1 3 240 2 198 Absence 62
65 1 2 294 0 209 Absence 73
40 1 2 216 2 206 Presence 23
35 0 2 280 0 191 Absence 57
51 1 4 316 1 192 Absence 47
53 0 3 332 1 75 Absence 32
37 1 1 170 2 101 Presence 2
25 0 3 335 1 133 Absence 90
54 0 4 136 0 199 Presence 49
46 1 3 125 2 186 Absence 43
76 0 3 307 2 154 Presence 42
72 1 4 274 0 205 Presence 98
52 1 1 171 2 123 Absence 1
34 0 1 344 0 133 Presence 76
27 0 2 328 1 189 Absence 44
46 1 1 133 0 135 Absence 51
43 1 4 187 0 161 Absence 28
59 1 3 248 0 121 Absence 3
45 1 1 140 2 117 Absence 12
40 1 2 210 0 116 Absence 14
47 1 4 304 2 209 Absence 74
60 0 2 204 2 152 Absence 50
67 0 3 169 2 184 Presence 11
73 1 1 120 0 162 Presence 13
48 1 2 226 2 191 Presence 52
40 1 2 128 0 107 Presence 67
63 1 2 317 2 138 Absence 4
37 0 2 164 2 70 Absence 86
50 1 2 125 2 168 Presence 6
38 0 3 129 1 129 Presence 93
40 0 3 212 2 127 Absence 38
55 0 4 290 2 97 Presence 18
61 0 4 285 0 77 Presence 9
55 0 4 250 1 193 Absence 68
70 0 3 269 1 140 Presence 91
60 0 1 255 1 87 Presence 61
48 1 3 259 0 203 Presence 29
32 1 2 348 2 152 Absence 80
59 0 2 313 0 174 Presence 89
33 0 3 264 2 204 Absence 59
50 1 1 120 1 187 Presence 15
35 0 2 240 1 198 Absence 20
38 1 1 324 0 78 Presence 10
58 0 2 154 0 129 Presence 24
65 1 3 215 0 93 Presence 37
27 0 4 193 2 181 Presence 35
68 0 2 176 2 86 Presence 78
54 0 3 320 0 179 Presence 39
51 1 1 239 0 165 Presence 5
76 0 2 311 0 82 Absence 87
59 1 2 296 2 138 Absence 33
54 1 2 230 1 107 Absence 54
45 1 2 324 2 181 Presence 94
48 1 3 250 2 175 Presence 46
34 0 3 130 0 175 Presence 72
53 0 2 342 2 148 Absence 31
33 0 3 162 0 201 Absence 95
65 1 3 121 1 81 Absence 66
68 1 1 275 2 100 Absence 100
45 1 3 209 2 171 Absence 56
49 0 2 133 2 166 Presence 41
33 1 1 229 2 107 Absence 21
