26 0 1 122 1 186 Absence 106
26 1 2 302 1 104 Absence 97
30 1 4 207 0 121 Presence 856
44 0 3 214 2 145 Absence 346
66 0 3 241 0 128 Absence 269
32 0 2 329 0 103 Absence 13
45 1 2 153 1 171 Presence 692
33 1 1 306 0 170 Absence 330
75 1 2 182 2 105 Presence 228
59 0 2 266 1 154 Presence 494
51 1 1 191 1 180 Presence 647
30 0 1 297 0 117 Presence 550
49 1 3 334 1 196 Presence 323
28 1 4 239 0 91 Presence 178
31 1 3 125 0 148 Absence 572
38 0 1 196 0 167 Presence 1000
64 0 3 271 2 121 Absence 869
56 0 4 242 2 150 Presence 579
33 0 3 257 2 134 Absence 976
52 1 3 310 1 142 Absence 390
67 1 2 149 2 144 Absence 738
50 0 1 331 2 77 Presence 880
74 1 1 179 2 119 Presence 319
64 1 1 243 1 91 Presence 236
40 1 1 275 1 102 Presence 191
44 1 3 159 1 111 Absence 221
54 1 2 312 0 93 Absence 124
49 1 4 135 2 105 Presence 980
46 1 4 197 0 70 Presence 347
61 0 3 258 2 87 Absence 698
74 0 2 158 0 166 Absence 150
67 0 2 337 1 146 Absence 427
72 0 1 135 2 98 Absence 283
38 1 3 257 1 200 Absence 362
44 1 2 350 0 174 Absence 360
66 1 3 262 1 142 Presence 823
75 1 4 182 1 138 Presence 686
34 1 1 143 1 134 Absence 949
42 0 4 212 2 178 Absence 805
38 0 4 153 0 136 Absence 561
71 1 3 325 0 100 Absence 843
76 1 1 125 2 107 Presence 658
49 1 1 270 0 193 Absence 92
32 0 3 292 2 186 Absence 769
56 1 3 178 2 174 Presence 21
67 1 4 135 2 131 Absence 248
47 1 2 128 2 100 Absence 585
51 0 2 298 0 93 Absence 575
54 0 4 194 0 92 Presence 689
54 1 1 300 1 201 Presence 543
77 0 2 211 2 207 Presence 764
73 0 3 124 0 201 Absence 57
69 0 3 165 0 181 Presence 619
31 1 2 142 2 82 Absence 902
77 1 3 133 0 187 Absence 333
45 1 4 238 0 191 Absence 213
34 0 2 209 1 118 Absence 666
38 0 3 179 2 182 Absence 452
37 0 1 259 1 141 Absence 828
65 1 2 263 2 84 Absence 239
56 0 2 335 0 138 Absence 232
43 1 4 138 2 208 Presence 214
41 0 4 206 0 83 Presence 245
40 0 1 255 0 102 Absence 804
44 0 3 184 0 124 Absence 893
75 1 4 265 0 192 Presence 729
76 1 2 213 0 187 Presence 376
67 0 1 120 2 155 Absence 30
65 1 2 307 2 70 Presence 418
70 0 4 281 0 95 Absence 533
73 1 3 169 0 150 Presence 534
25 0 4 320 1 171 Presence 34
71 1 4 284 2 174 Presence 677
79 1 4 221 2 122 Absence 882
78 0 2 149 2 87 Absence 970
68 0 2 169 0 100 Presence 272
58 1 4 271 1 96 Presence 816
57 0 2 128 2 127 Presence 802
44 0 3 303 1 169 Absence 223
34 0 1 311 1 94 Presence 483
56 1 2 343 2 81 Presence 119
36 1 4 336 2 76 Absence 243
75 0 4 346 0 90 Absence 448
75 1 1 230 2 179 Absence 246
49 1 1 194 0 151 Presence 548
69 1 2 321 1 158 Absence 76
42 1 3 199 0 152 Presence 188
36 0 1 263 2 105 Absence 628
68 0 4 247 1 83 Absence 915
43 0 4 345 2 185 Presence 489
64 1 2 220 1 117 Absence 440
44 1 2 218 1 137 Presence 473
78 1 1 324 0 95 Presence 978
78 1 3 142 0 151 Presence 90
41 1 3 165 0 160 Absence 60
63 1 4 290 2 83 Absence 917
78 0 3 135 2 141 Absence 361
63 0 4 165 0 209 Absence 520
50 1 1 192 0 105 Absence 65
37 0 4 171 0 163 Presence 381
43 1 2 142 2 142 Absence 420
37 0 2 197 1 133 Absence 630
58 1 1 242 0 74 Presence 886
71 0 3 223 0 185 Absence 192
47 0 4 126 2 163 Absence 434
69 1 3 224 2 169 Presence 438
57 0 4 120 1 202 Absence 936
37 0 2 170 2 147 Absence 153
34 0 3 248 0 145 Absence 509
56 1 2 344 1 88 Absence 316
51 1 4 206 2 79 Absence 708
54 1 4 301 2 137 Absence 138
48 1 3 258 2 112 Presence 571
51 0 1 230 0 136 Absence 926
67 1 2 171 1 111 Absence 743
72 1 1 297 0 178 Presence 273
62 1 4 349 0 193 Absence 74
47 1 2 283 1 207 Absence 344
75 0 3 292 0 148 Presence 920
34 1 2 326 2 82 Presence 329
28 0 3 277 2 177 Presence 919
70 1 2 214 0 81 Absence 518
43 1 1 262 0 150 Presence 883
36 0 4 286 1 105 Presence 384
68 0 1 296 0 82 Presence 94
69 0 4 186 2 125 Absence 75
61 0 4 122 2 74 Presence 607
69 0 2 258 1 90 Absence 303
69 1 2 222 1 134 Presence 237
59 1 4 246 2 169 Presence 774
56 1 2 196 0 93 Absence 522
54 1 4 343 1 109 Absence 971
53 1 1 252 2 75 Absence 709
54 1 2 323 1 109 Presence 986
51 1 3 209 2 162 Presence 290
74 0 2 279 2 130 Absence 48
54 0 1 194 0 172 Presence 242
74 0 4 226 1 164 Absence 227
30 1 3 258 2 81 Absence 172
34 0 3 345 1 138 Absence 69
31 1 1 290 1 140 Absence 874
38 1 2 211 1 140 Presence 220
27 1 2 310 0 177 Absence 467
75 1 2 342 0 160 Absence 609
44 0 4 151 0 148 Presence 430
25 0 2 308 0 197 Presence 324
59 0 1 126 2 179 Presence 819
38 0 2 181 0 122 Presence 182
71 1 4 255 2 156 Presence 565
47 1 2 247 1 81 Presence 759
32 1 1 287 1 207 Presence 555
45 0 2 175 1 107 Presence 598
31 1 3 166 1 113 Presence 8
59 1 3 291 2 124 Presence 218
38 0 4 153 1 173 Presence 110
30 1 2 345 2 136 Presence 735
37 1 1 347 2 104 Absence 815
52 1 2 203 1 89 Absence 485
41 1 2 182 2 102 Absence 404
29 0 2 287 0 95 Presence 85
27 1 1 290 2 156 Absence 810
70 1 4 250 2 101 Absence 749
54 0 3 253 2 113 Absence 113
74 0 3 151 1 143 Presence 583
79 0 4 341 2 146 Presence 5
46 0 4 206 0 157 Presence 159
26 1 3 345 2 86 Presence 71
45 1 1 170 2 185 Absence 53
47 1 1 247 1 162 Presence 697
39 1 1 260 2 176 Presence 14
79 1 3 342 1 145 Presence 924
26 1 1 139 0 107 Absence 711
79 1 1 329 1 136 Absence 792
56 1 2 186 1 166 Absence 948
41 0 1 151 0 148 Absence 825
57 0 2 337 2 148 Absence 217
35 0 3 343 1 174 Absence 238
43 1 4 232 2 112 Presence 392
43 1 2 184 0 87 Presence 584
28 0 3 282 2 113 Absence 812
66 0 1 237 1 202 Presence 687
46 0 2 266 2 163 Absence 326
63 0 2 167 1 198 Presence 271
62 1 3 149 2 92 Absence 981
37 0 2 215 0 177 Presence 179
28 1 1 291 0 191 Presence 724
75 0 4 292 1 157 Absence 498
75 0 3 246 0 111 Presence 308
65 0 3 182 1 79 Presence 560
60 0 1 289 1 206 Presence 732
56 0 3 239 1 114 Absence 366
35 0 3 205 0 144 Presence 375
51 0 1 337 1 133 Presence 722
35 1 2 280 2 185 Presence 835
67 1 3 162 0 168 Presence 195
52 0 3 271 1 73 Presence 979
71 0 1 343 0 82 Absence 844
27 1 4 189 0 129 Presence 767
25 1 2 337 1 120 Absence 29
70 0 2 257 0 94 Presence 944
42 1 1 245 1 107 Absence 264
40 1 2 243 0 198 Absence 454
54 1 4 130 2 143 Presence 407
40 1 2 212 0 208 Absence 965
51 0 3 257 2 102 Absence 507
65 1 4 258 2 206 Absence 334
34 1 1 142 0 138 Presence 122
25 1 2 155 0 171 Presence 814
52 1 1 289 0 175 Absence 789
34 0 2 124 2 104 Absence 934
47 0 1 262 0 70 Absence 867
57 0 2 340 0 87 Absence 486
69 0 1 340 1 190 Presence 638
66 0 3 147 1 99 Presence 836
74 0 3 149 2 141 Presence 352
54 1 1 151 1 153 Presence 742
25 0 4 250 0 200 Presence 241
36 0 1 347 2 93 Absence 894
30 0 2 222 1 104 Absence 382
66 1 4 144 1 84 Presence 396
73 0 4 199 0 125 Presence 797
35 1 2 256 0 162 Presence 762
64 1 1 197 0 128 Absence 126
73 1 2 244 2 149 Presence 463
63 1 4 240 0 200 Presence 56
31 0 4 303 0 102 Presence 492
57 1 2 285 2 88 Presence 890
43 0 1 132 1 160 Absence 41
71 0 3 306 0 126 Absence 625
62 1 4 257 0 89 Absence 198
35 0 3 228 0 104 Absence 349
73 1 2 147 2 116 Presence 524
36 0 1 145 0 159 Presence 32
29 1 3 280 0 106 Presence 680
28 1 1 252 0 157 Absence 930
68 0 1 174 0 155 Presence 994
33 0 4 185 2 154 Presence 528
56 0 1 336 1 175 Presence 216
70 1 1 190 1 181 Absence 43
67 0 4 135 0 196 Presence 898
26 1 3 340 2 108 Presence 27
49 1 2 343 2 149 Absence 265
41 0 3 246 1 84 Absence 955
55 0 2 258 2 77 Absence 832
43 1 3 335 0 70 Presence 196
73 1 1 254 0 190 Presence 849
67 0 2 264 1 182 Absence 871
43 0 4 326 0 190 Absence 83
31 1 3 284 2 132 Absence 328
74 0 1 175 2 130 Presence 850
72 0 4 262 1 166 Absence 278
26 1 4 202 1 166 Presence 776
47 1 4 162 0 210 Presence 262
47 1 4 349 2 177 Presence 174
30 0 1 151 0 165 Absence 55
47 1 2 334 1 153 Absence 982
61 0 2 151 1 139 Absence 661
72 0 2 175 0 92 Presence 45
66 1 2 223 1 119 Absence 103
67 1 1 130 0 174 Presence 104
35 1 2 342 2 207 Presence 878
61 1 1 216 2 131 Absence 484
67 0 4 316 2 81 Presence 610
48 0 1 348 1 162 Absence 542
45 1 3 302 0 109 Absence 312
45 1 2 141 0 172 Presence 284
66 1 3 289 1 197 Presence 603
46 1 4 290 2 171 Absence 940
29 0 2 246 0 92 Absence 992
53 0 2 129 1 125 Absence 987
55 0 1 170 0 124 Presence 154
57 0 3 279 1 154 Absence 586
63 0 1 311 0 143 Absence 977
67 1 1 326 2 76 Presence 712
42 0 3 213 0 140 Absence 747
37 1 3 306 2 200 Absence 921
37 1 3 260 0 127 Absence 91
39 1 4 315 2 209 Presence 414
47 1 3 219 1 114 Absence 756
42 0 1 305 2 76 Absence 314
55 1 1 300 0 103 Presence 444
30 0 2 127 2 71 Presence 9
25 1 3 297 0 119 Presence 474
30 0 3 235 0 141 Presence 224
64 1 1 298 1 127 Absence 952
75 0 3 300 1 144 Presence 15
34 0 1 292 2 156 Presence 260
72 0 4 140 2 121 Presence 866
56 1 3 120 2 192 Absence 61
36 1 2 147 1 85 Absence 490
53 1 2 294 1 121 Presence 501
31 0 4 121 1 169 Absence 999
34 1 2 311 2 201 Presence 639
45 1 3 122 1 160 Absence 512
44 0 1 188 2 119 Absence 496
37 0 4 149 1 130 Absence 394
30 0 2 134 1 100 Presence 563
45 1 3 343 1 85 Presence 210
55 0 3 211 0 74 Absence 451
42 0 1 339 0 108 Absence 549
68 1 1 233 0 206 Absence 897
56 0 3 272 1 162 Presence 945
69 0 1 256 2 156 Absence 861
75 0 4 316 1 158 Presence 665
39 0 4 134 0 105 Absence 719
53 1 2 143 1 197 Absence 93
53 0 2 300 2 204 Absence 838
25 1 2 181 0 172 Presence 86
78 1 2 148 2 88 Presence 136
63 1 4 282 2 130 Absence 530
58 0 3 342 0 180 Absence 845
33 0 2 265 0 82 Absence 763
58 1 4 140 2 113 Presence 380
30 1 1 147 1 112 Absence 809
73 1 2 239 2 158 Absence 780
29 0 2 263 2 138 Presence 909
50 0 2 219 0 89 Absence 348
39 1 2 295 0 192 Presence 820
59 0 3 245 2 197 Presence 868
61 1 2 163 2 175 Presence 705
50 0 1 248 2 81 Presence 116
72 1 1 240 0 101 Presence 46
38 1 2 184 2 158 Presence 704
72 1 1 179 0 139 Presence 350
65 0 4 289 2 162 Presence 479
74 1 3 238 2 93 Absence 359
41 1 1 163 0 87 Presence 851
40 0 4 325 1 158 Presence 621
27 0 2 288 2 154 Absence 606
42 1 3 183 1 198 Presence 570
75 0 4 279 1 85 Presence 566
67 1 1 138 2 139 Absence 458
46 0 2 159 2 130 Presence 1
75 0 1 222 2 154 Absence 423
27 0 2 204 2 173 Presence 523
29 0 4 228 2 93 Absence 710
28 0 2 134 1 142 Absence 190
76 1 2 183 1 160 Absence 293
63 1 4 183 1 201 Absence 311
47 1 1 250 1 188 Presence 877
30 0 3 277 1 142 Presence 582
63 1 2 288 2 156 Presence 925
27 0 2 318 2 160 Presence 910
31 0 1 228 2 203 Presence 231
36 0 2 168 2 137 Presence 935
56 0 1 201 0 152 Presence 817
31 1 3 202 2 153 Absence 731
53 1 4 306 0 166 Absence 760
50 1 3 215 0 208 Absence 990
57 0 2 281 0 80 Absence 115
66 0 3 126 0 162 Absence 626
56 0 2 230 0 96 Absence 611
40 0 4 121 2 101 Absence 499
62 1 3 333 0 183 Absence 634
60 1 4 187 2 147 Presence 87
67 0 3 275 2 137 Presence 445
28 1 1 345 1 83 Absence 258
36 0 4 220 1 175 Presence 613
27 1 3 332 2 122 Presence 186
63 0 1 265 2 206 Absence 132
32 1 1 328 1 190 Presence 472
66 1 4 222 1 90 Presence 254
30 0 2 266 1 120 Presence 983
78 1 1 175 2 114 Presence 531
31 0 4 252 0 192 Absence 670
52 0 4 120 1 95 Absence 161
44 0 1 131 2 82 Absence 510
78 1 2 241 1 200 Absence 852
55 1 2 239 1 109 Presence 651
72 1 3 185 1 201 Absence 338
65 0 2 139 1 188 Absence 884
36 0 3 176 2 96 Presence 66
34 0 2 159 2 96 Presence 966
42 1 4 252 2 155 Absence 47
38 0 1 326 2 142 Presence 89
63 1 1 284 2 155 Presence 558
49 0 3 260 0 177 Absence 715
77 0 4 307 0 132 Absence 257
48 0 4 271 2 138 Absence 58
73 0 3 275 2 144 Presence 357
75 0 3 206 0 74 Presence 184
70 1 2 342 0 137 Absence 261
36 1 3 300 1 106 Absence 63
74 0 2 318 1 75 Absence 200
53 0 1 268 1 86 Absence 967
79 1 1 277 0 91 Presence 857
79 0 3 201 1 95 Presence 502
36 1 4 157 0 143 Presence 751
56 0 2 293 0 120 Absence 313
47 1 2 218 2 82 Presence 400
26 0 4 126 1 132 Absence 961
62 0 3 192 1 168 Absence 690
34 1 2 319 1 137 Presence 682
28 0 4 127 0 187 Presence 321
50 1 1 332 0 166 Absence 482
31 0 2 135 2 122 Absence 235
41 0 4 163 1 135 Absence 784
69 0 1 341 2 73 Absence 2
41 1 4 276 2 99 Absence 544
57 1 3 172 1 147 Presence 24
50 0 3 257 1 94 Presence 879
75 1 2 280 1 157 Presence 416
38 1 2 166 0 89 Presence 152
71 0 2 176 1 115 Absence 752
55 1 2 207 2 71 Absence 310
39 1 3 318 2 111 Absence 332
53 1 4 289 2 153 Presence 786
77 0 3 314 0 210 Presence 503
72 1 3 251 1 106 Absence 589
55 1 3 254 0 203 Presence 725
77 1 4 275 2 183 Absence 721
52 0 3 272 2 166 Presence 674
61 0 2 141 2 140 Presence 169
64 1 2 141 1 182 Presence 593
30 1 4 141 2 177 Absence 455
62 1 3 348 2 131 Absence 622
58 1 1 184 2 207 Absence 164
72 0 3 232 2 136 Presence 446
29 0 1 258 2 126 Absence 671
63 1 2 321 0 198 Presence 631
61 1 4 330 0 95 Presence 506
52 1 2 152 2 111 Presence 736
76 0 2 240 2 193 Presence 28
42 1 2 140 0 120 Presence 327
76 1 4 183 1 105 Absence 219
50 0 3 239 1 138 Absence 111
49 1 4 288 2 77 Absence 862
48 1 3 204 2 119 Absence 464
27 0 1 128 1 123 Absence 146
53 1 4 167 1 201 Absence 398
76 1 4 345 1 102 Presence 788
76 0 3 301 0 116 Presence 35
53 0 4 289 2 102 Absence 215
53 0 3 120 2 133 Absence 259
35 0 3 290 2 93 Absence 551
77 0 2 344 0 204 Presence 591
51 0 4 264 2 142 Absence 351
76 1 2 219 2 198 Absence 95
59 0 4 317 2 143 Absence 335
47 0 3 134 0 162 Absence 853
49 1 2 185 0 101 Presence 163
78 1 1 262 1 98 Absence 50
47 0 3 123 2 192 Presence 957
71 0 1 293 2 112 Absence 694
59 1 4 163 2 196 Absence 377
30 0 1 225 0 70 Presence 255
33 1 1 186 0 113 Presence 559
25 0 3 290 2 146 Absence 657
79 1 1 189 2 125 Presence 737
47 0 3 330 2 209 Absence 730
45 0 1 146 0 125 Absence 166
72 1 3 251 2 136 Presence 655
38 1 3 218 1 183 Absence 939
75 1 4 209 2 139 Absence 587
63 0 4 216 1 189 Absence 588
65 0 2 277 0 172 Presence 728
53 1 3 300 2 177 Absence 785
53 1 1 121 2 179 Absence 425
45 0 2 291 0 87 Presence 225
74 1 1 166 2 99 Absence 865
51 1 1 174 1 195 Presence 717
70 1 3 158 0 150 Absence 429
29 0 3 189 0 118 Presence 521
77 0 1 151 0 183 Absence 234
70 1 3 300 2 102 Presence 279
36 1 4 280 1 93 Presence 547
44 1 4 275 1 180 Absence 770
43 0 2 253 0 124 Presence 993
57 1 2 288 1 118 Absence 289
44 1 3 195 1 161 Absence 996
43 1 4 276 2 92 Absence 685
43 1 2 229 2 149 Absence 253
79 1 2 327 0 160 Presence 795
74 1 4 348 1 158 Absence 62
74 1 4 331 2 173 Presence 746
48 0 1 301 2 117 Presence 167
36 0 1 277 2 150 Presence 783
44 0 3 269 1 85 Presence 988
72 1 2 138 0 166 Absence 908
79 1 4 244 2 106 Absence 123
31 1 4 140 0 116 Absence 511
52 0 4 149 0 138 Presence 951
42 0 4 283 1 134 Absence 470
55 1 1 269 1 197 Presence 108
72 1 3 285 0 83 Absence 64
52 1 3 202 2 180 Absence 441
77 0 1 154 1 199 Absence 650
53 1 4 298 2 152 Presence 230
44 0 1 174 1 105 Absence 854
26 1 2 236 1 144 Absence 88
60 0 3 311 1 93 Presence 508
28 1 3 331 0 110 Presence 180
78 1 2 291 0 137 Presence 389
38 1 2 212 1 90 Absence 663
55 0 1 290 1 88 Absence 537
49 1 1 258 0 168 Absence 505
56 0 1 146 0 146 Absence 187
77 0 2 186 2 93 Absence 766
74 1 4 132 1 199 Absence 695
36 1 4 317 2 73 Absence 824
62 1 4 343 0 78 Presence 421
42 1 2 234 0 158 Absence 887
72 1 1 323 1 139 Absence 532
27 1 2 263 1 107 Absence 185
60 0 2 145 2 102 Absence 345
72 0 1 290 0 89 Presence 997
27 1 4 128 0 92 Presence 985
25 0 1 284 2 94 Presence 98
39 0 3 311 0 74 Absence 114
34 1 2 231 2 166 Presence 605
62 0 1 216 2 118 Absence 205
61 0 3 271 2 95 Presence 373
60 0 4 328 0 173 Absence 755
73 1 1 333 1 109 Absence 207
52 0 3 313 2 105 Absence 137
58 0 2 343 0 76 Absence 177
32 1 1 151 1 189 Absence 343
68 0 2 261 1 101 Absence 266
66 0 3 304 2 118 Presence 204
49 1 2 298 1 129 Presence 296
39 1 3 327 2 84 Absence 962
49 1 2 285 1 81 Presence 975
40 0 2 216 2 198 Absence 68
73 0 3 322 2 162 Presence 415
66 1 2 279 2 182 Absence 768
76 1 2 333 1 198 Presence 552
37 1 2 328 1 185 Presence 901
44 1 2 158 0 135 Presence 753
50 0 4 225 2 136 Absence 99
57 1 3 250 0 204 Presence 538
49 0 3 285 0 116 Presence 714
40 1 4 197 2 88 Absence 38
36 0 4 184 0 194 Presence 397
79 0 4 125 0 81 Absence 149
48 0 3 310 1 126 Absence 143
71 0 1 130 0 206 Presence 461
69 0 4 200 2 110 Absence 931
68 0 2 183 2 146 Presence 796
44 1 4 174 2 164 Absence 100
26 1 4 181 1 145 Absence 495
29 1 1 309 2 92 Absence 117
33 1 4 217 1 199 Presence 896
40 1 3 346 1 200 Absence 383
34 0 1 173 1 101 Absence 700
50 1 3 138 0 101 Presence 460
34 1 4 146 2 210 Presence 277
75 1 1 265 1 198 Presence 183
73 1 1 345 2 91 Presence 189
33 0 1 310 1 141 Presence 201
75 0 2 255 2 89 Absence 627
74 0 3 318 1 129 Absence 233
51 0 3 142 1 73 Absence 78
68 0 3 212 1 135 Absence 821
56 0 2 281 1 139 Absence 155
32 1 1 205 0 161 Absence 465
54 0 2 331 0 112 Absence 991
79 1 2 180 0 206 Absence 393
34 0 3 331 0 133 Presence 340
27 0 2 134 2 83 Absence 946
48 1 4 286 1 100 Absence 604
66 0 3 254 0 93 Absence 527
74 1 4 174 2 184 Presence 839
56 0 4 140 0 151 Presence 156
52 0 2 313 2 176 Absence 437
50 0 1 127 0 110 Presence 618
42 0 4 233 2 208 Presence 395
72 0 4 292 0 167 Presence 356
59 1 1 263 2 189 Presence 691
46 0 1 138 2 95 Presence 369
74 1 2 219 0 186 Presence 406
66 1 1 171 0 139 Absence 194
58 1 3 197 1 119 Absence 684
71 1 2 136 0 204 Presence 676
28 0 1 228 0 72 Presence 777
47 1 1 296 2 175 Presence 546
38 0 1 250 0 148 Presence 487
28 0 4 217 2 194 Presence 837
40 1 1 282 2 199 Absence 914
63 0 2 304 1 204 Presence 888
78 1 2 141 0 187 Presence 403
40 0 2 179 1 95 Presence 870
29 1 1 145 2 156 Absence 646
52 0 4 301 2 202 Presence 703
47 1 3 176 0 160 Presence 488
25 1 2 167 0 166 Presence 633
73 0 4 166 0 111 Presence 629
59 0 4 166 1 146 Presence 540
66 0 4 179 2 97 Absence 128
39 1 3 193 1 208 Absence 529
76 1 3 198 0 90 Absence 442
72 1 2 305 2 76 Absence 49
57 1 4 174 1 136 Absence 171
31 0 1 226 0 183 Presence 7
60 1 4 328 1 163 Absence 860
26 1 1 123 0 189 Presence 247
35 0 1 279 2 120 Presence 875
31 1 2 221 1 205 Presence 718
74 0 4 154 1 124 Presence 912
57 1 3 125 2 168 Absence 118
57 1 2 229 0 197 Presence 22
36 1 1 251 2 176 Presence 176
26 1 3 201 1 125 Presence 411
46 1 1 161 0 122 Presence 453
38 0 3 304 1 201 Presence 422
55 0 3 161 1 102 Absence 288
43 1 3 226 2 93 Absence 251
51 1 3 203 0 196 Presence 716
34 0 2 266 2 126 Absence 449
77 0 2 172 0 97 Presence 281
69 1 3 281 0 89 Presence 794
66 0 3 143 1 142 Absence 497
72 0 2 157 0 110 Absence 517
60 0 2 207 2 180 Presence 475
70 0 4 228 1 127 Presence 102
66 0 3 308 0 103 Absence 834
56 1 4 141 0 119 Presence 656
33 1 3 227 1 115 Presence 706
64 0 4 157 0 73 Presence 872
38 1 1 201 2 178 Presence 25
74 0 1 225 2 167 Presence 673
35 1 4 138 1 209 Presence 315
38 0 2 229 2 77 Absence 428
59 0 1 318 0 145 Presence 203
61 1 1 257 1 112 Presence 596
68 0 1 223 2 183 Presence 892
41 1 1 346 2 193 Presence 947
45 1 2 341 1 96 Absence 811
68 1 2 140 0 122 Absence 937
64 1 4 255 2 104 Absence 594
27 1 4 203 2 76 Absence 564
61 1 4 124 2 149 Absence 466
54 1 3 258 0 73 Presence 250
40 0 2 122 0 103 Absence 840
44 0 3 207 1 134 Presence 419
42 1 2 286 0 73 Presence 410
77 0 2 165 1 144 Presence 424
52 0 4 332 0 180 Presence 953
30 0 1 347 0 162 Absence 280
71 1 1 189 2 110 Absence 672
45 0 1 245 0 109 Presence 378
33 1 2 132 0 76 Absence 139
28 0 1 324 1 75 Presence 391
58 1 4 238 2 159 Absence 822
50 0 4 247 1 100 Presence 601
63 0 1 199 0 95 Presence 417
77 1 4 346 2 210 Absence 848
31 1 4 205 1 142 Presence 891
36 1 3 227 1 135 Absence 36
47 1 1 299 2 179 Absence 620
48 1 3 333 1 205 Presence 922
72 0 2 349 0 116 Presence 168
48 1 1 225 0 157 Absence 791
35 0 1 219 2 159 Absence 798
74 0 1 307 1 175 Presence 399
53 0 4 158 0 122 Absence 144
30 1 3 219 0 200 Presence 675
60 0 1 299 1 180 Absence 181
67 1 1 149 2 139 Absence 491
25 1 1 284 2 183 Absence 782
41 1 2 171 2 110 Presence 44
47 1 2 209 1 122 Absence 358
32 1 4 195 1 202 Presence 306
76 1 3 276 1 136 Absence 954
26 1 4 242 1 89 Absence 667
39 1 4 303 2 113 Absence 409
73 1 4 232 2 153 Presence 592
69 0 1 315 1 199 Absence 145
71 0 3 294 2 159 Absence 562
28 1 3 294 1 148 Presence 787
62 0 4 144 2 103 Presence 557
26 0 4 343 0 116 Absence 386
40 0 1 286 2 133 Absence 847
53 0 1 163 1 154 Presence 938
57 0 2 297 0 92 Absence 141
79 0 2 220 2 99 Presence 699
54 0 1 271 1 86 Absence 688
62 0 3 142 1 151 Presence 928
71 1 1 236 0 75 Absence 256
72 0 3 289 1 161 Presence 336
43 1 2 350 0 114 Absence 624
65 0 4 154 0 149 Absence 371
32 1 1 121 1 74 Absence 107
42 1 4 237 0 171 Presence 907
51 0 1 194 2 207 Presence 911
64 1 2 148 2 169 Presence 932
29 0 2 198 0 210 Absence 652
58 1 2 152 0 77 Absence 504
34 1 2 189 2 116 Presence 77
40 1 2 267 0 104 Presence 402
71 0 3 280 1 157 Absence 456
77 1 3 133 1 76 Presence 320
26 1 3 141 1 126 Presence 641
53 1 2 245 2 106 Presence 803
72 0 1 132 1 195 Presence 960
62 1 4 331 2 111 Absence 602
59 1 2 310 1 76 Presence 754
40 1 3 146 2 108 Absence 569
35 0 1 305 1 118 Absence 664
75 0 4 156 1 103 Presence 702
53 0 3 315 0 189 Absence 275
53 1 4 222 1 170 Presence 170
43 1 1 342 2 149 Absence 984
68 0 4 337 0 144 Absence 943
32 1 1 235 0 188 Absence 426
31 0 3 337 2 162 Presence 370
36 1 2 282 1 170 Presence 147
52 1 1 264 1 102 Absence 793
54 0 2 290 0 196 Presence 72
34 0 1 257 0 173 Absence 26
56 0 3 149 0 100 Presence 199
52 0 4 343 2 163 Absence 59
66 0 1 144 0 79 Absence 353
52 1 4 149 1 137 Presence 916
39 1 1 331 1 161 Absence 70
61 0 3 157 1 134 Absence 331
54 0 4 290 0 104 Absence 734
66 1 2 275 1 113 Presence 405
61 0 3 179 2 190 Presence 292
41 1 4 295 2 187 Absence 826
47 0 3 139 2 152 Absence 294
48 1 2 217 1 129 Absence 958
65 1 4 241 2 199 Absence 84
67 1 3 196 1 199 Presence 162
36 0 2 291 1 82 Absence 388
53 1 1 229 1 139 Absence 129
37 0 3 344 0 160 Absence 972
72 0 1 137 2 167 Absence 33
62 0 1 121 1 127 Absence 244
50 1 2 120 0 73 Presence 864
60 0 3 229 2 92 Presence 16
71 1 1 296 2 179 Presence 773
51 0 4 258 0 121 Presence 302
77 1 1 144 2 112 Presence 895
26 1 4 230 0 116 Presence 740
64 1 2 142 2 160 Presence 476
32 0 1 284 2 139 Absence 412
34 1 1 350 0 142 Absence 969
73 1 1 303 2 150 Absence 81
61 1 3 190 2 187 Presence 206
46 1 3 245 2 148 Presence 899
58 0 1 154 2 203 Absence 535
63 1 2 212 1 208 Absence 659
59 0 1 270 1 106 Presence 480
59 1 3 212 1 207 Presence 337
57 1 4 151 0 167 Absence 450
75 0 4 172 0 173 Absence 614
68 0 2 148 2 205 Absence 519
39 1 4 299 0 203 Presence 841
37 0 2 302 2 94 Absence 212
72 1 3 293 0 198 Presence 300
29 1 3 253 1 115 Absence 79
40 1 2 322 0 97 Absence 109
38 1 1 160 0 125 Absence 80
65 1 2 123 1 193 Presence 436
38 1 2 248 2 97 Absence 42
74 0 1 315 1 104 Presence 413
67 0 2 205 0 165 Presence 637
43 1 1 176 0 203 Presence 270
32 0 2 306 1 145 Absence 541
58 1 4 244 0 166 Absence 211
76 0 4 315 1 94 Absence 648
75 1 2 289 0 93 Absence 285
74 0 3 221 2 73 Presence 515
64 0 1 167 0 168 Absence 37
49 0 2 258 1 176 Presence 471
25 1 3 141 1 139 Absence 808
47 0 3 275 0 189 Presence 885
71 1 4 317 2 74 Presence 829
36 0 4 134 2 183 Absence 927
72 0 1 213 0 183 Absence 439
71 0 2 157 1 132 Presence 121
65 0 4 221 0 118 Absence 554
54 0 1 338 0 187 Presence 148
76 0 2 233 2 204 Absence 318
69 0 1 298 1 95 Absence 995
77 0 1 242 0 163 Absence 881
44 1 3 255 0 125 Absence 112
25 0 3 310 2 191 Presence 372
57 0 1 275 2 140 Presence 431
61 1 3 169 0 122 Presence 526
28 1 3 199 2 149 Absence 900
58 1 2 276 1 76 Presence 833
39 0 2 257 2 138 Absence 974
38 0 1 252 1 144 Presence 226
49 0 4 162 1 81 Absence 669
61 0 4 141 1 77 Absence 745
27 1 4 276 2 119 Absence 741
57 0 1 200 0 184 Presence 623
54 1 4 170 1 188 Absence 158
33 1 2 266 2 87 Absence 806
55 0 2 297 0 128 Absence 642
47 0 4 332 2 184 Absence 778
72 0 2 260 2 181 Absence 846
52 1 4 282 0 180 Presence 640
51 0 4 286 1 83 Absence 105
79 0 1 175 1 72 Presence 82
29 0 1 147 0 153 Absence 536
57 1 1 121 2 78 Presence 125
54 1 4 130 1 89 Absence 863
37 1 2 254 0 169 Presence 758
66 1 2 219 0 155 Absence 696
46 0 2 175 0 124 Presence 96
75 0 1 157 0 122 Presence 968
34 0 4 167 0 105 Absence 923
32 1 2 170 1 166 Absence 298
46 1 1 251 1 161 Presence 67
52 0 2 189 0 195 Absence 208
64 0 4 313 0 129 Absence 209
47 1 2 163 0 187 Absence 165
66 1 1 236 1 136 Absence 286
49 1 1 318 2 75 Absence 367
28 0 3 319 2 72 Presence 723
64 0 3 226 1 101 Absence 645
48 0 2 180 0 201 Absence 120
56 0 3 261 2 174 Presence 263
28 1 4 273 2 73 Presence 374
67 0 1 333 2 148 Presence 240
33 0 2 129 1 135 Presence 365
33 0 2 184 1 210 Absence 989
26 0 3 339 0 189 Presence 643
70 1 1 350 1 152 Presence 855
57 1 4 336 1 74 Presence 632
41 0 3 228 0 114 Presence 599
70 0 4 249 2 188 Presence 31
53 0 3 137 0 178 Absence 222
58 1 4 270 0 178 Absence 325
38 1 1 141 1 117 Absence 339
38 0 1 209 0 96 Absence 568
70 1 1 175 1 183 Absence 131
38 1 3 265 0 98 Absence 193
78 1 1 126 2 134 Presence 608
32 0 2 156 2 205 Absence 478
66 1 3 342 1 156 Absence 644
72 1 1 182 1 154 Presence 385
31 0 3 123 0 97 Presence 744
71 1 2 261 2 107 Absence 299
33 1 1 174 1 75 Absence 573
37 1 2 331 1 77 Absence 276
41 1 3 203 1 183 Absence 6
53 0 2 139 0 169 Absence 11
77 0 1 346 1 142 Absence 933
46 1 2 127 1 196 Presence 462
77 1 4 137 1 81 Presence 693
39 0 3 125 1 198 Presence 707
26 0 1 286 1 195 Absence 574
73 0 1 160 1 110 Absence 408
32 1 4 179 1 200 Absence 291
65 1 2 201 2 185 Presence 304
71 1 2 339 2 108 Presence 905
76 1 4 270 1 122 Absence 941
66 1 4 217 1 136 Presence 713
57 0 3 325 0 105 Presence 873
60 1 1 271 0 152 Presence 341
28 1 3 204 0 118 Absence 12
36 1 4 326 0 91 Presence 267
39 0 3 158 1 175 Absence 998
68 0 2 326 0 207 Absence 889
73 1 1 188 0 190 Presence 771
36 1 2 303 1 172 Absence 964
58 1 3 267 0 132 Absence 781
77 0 2 299 0 138 Absence 913
42 0 2 268 0 139 Absence 307
62 1 4 279 2 90 Presence 616
45 1 2 218 1 73 Absence 668
56 1 4 229 0 88 Absence 54
74 1 1 120 2 92 Absence 635
68 0 2 265 1 132 Absence 580
46 1 3 120 0 195 Absence 818
66 0 4 287 1 100 Absence 175
75 0 2 234 2 167 Presence 727
76 0 1 161 1 122 Absence 801
61 1 1 248 2 127 Absence 317
56 1 3 287 0 206 Absence 368
64 0 2 251 1 140 Absence 52
58 1 3 136 1 80 Absence 19
73 0 1 209 0 152 Absence 134
59 1 1 196 1 117 Absence 309
61 1 2 265 0 200 Presence 513
48 0 1 191 1 161 Absence 142
28 1 2 221 0 205 Absence 956
32 1 1 126 2 173 Presence 842
37 0 1 261 1 173 Presence 135
63 0 3 235 1 96 Absence 3
26 1 3 171 0 169 Absence 545
33 0 1 133 0 154 Absence 18
66 0 2 194 1 115 Presence 274
68 1 2 182 2 114 Absence 322
34 0 1 132 0 186 Absence 553
78 0 1 184 2 174 Presence 567
50 0 4 207 1 164 Absence 942
65 1 4 237 0 165 Absence 481
76 0 4 184 2 105 Presence 757
37 0 2 298 0 148 Absence 726
38 0 1 130 1 80 Absence 287
75 1 3 212 0 97 Absence 790
76 1 1 128 1 182 Absence 17
70 0 1 195 0 80 Presence 249
49 1 4 318 1 120 Absence 681
63 0 2 123 1 178 Presence 876
40 0 2 336 2 161 Presence 432
66 0 1 328 2 112 Presence 950
74 1 4 284 1 85 Presence 750
30 0 3 283 2 182 Presence 4
43 1 3 335 0 74 Presence 73
30 0 1 168 0 148 Presence 963
48 0 1 345 2 92 Presence 612
53 1 4 337 2 207 Presence 202
69 0 2 191 0 129 Absence 305
64 1 4 214 0 75 Presence 831
56 1 2 294 0 209 Presence 578
55 0 4 347 2 125 Absence 830
55 1 3 342 0 181 Absence 733
32 0 4 229 0 124 Presence 469
27 1 1 142 0 205 Absence 636
57 0 3 318 2 152 Presence 39
25 1 3 244 2 100 Absence 539
61 0 1 206 2 157 Presence 514
77 1 4 121 0 105 Absence 654
33 0 3 149 2 86 Presence 617
58 0 2 165 2 139 Presence 197
71 0 4 249 2 87 Absence 23
37 0 4 240 1 104 Presence 701
40 1 4 216 1 133 Presence 590
33 0 2 205 0 158 Presence 660
58 0 4 122 0 168 Absence 297
53 1 3 337 0 162 Absence 268
73 1 4 183 0 90 Presence 775
28 0 2 128 2 125 Absence 130
37 0 4 166 2 127 Presence 678
46 1 3 324 1 128 Presence 653
43 0 4 143 0 107 Presence 748
50 1 3 333 1 129 Absence 720
79 1 3 182 1 72 Presence 401
57 1 2 319 2 196 Presence 807
63 1 4 179 1 165 Presence 959
73 1 3 153 0 141 Presence 600
79 1 3 335 2 82 Presence 443
47 1 1 305 0 73 Absence 679
61 0 3 205 1 190 Presence 739
78 1 3 201 2 91 Presence 379
64 0 4 163 0 127 Presence 649
77 1 3 316 0 183 Absence 779
36 1 3 167 2 81 Absence 363
56 0 1 301 0 147 Presence 581
74 0 3 252 2 184 Presence 342
75 0 4 166 2 131 Presence 387
39 1 1 299 2 184 Presence 799
53 1 3 312 2 184 Absence 500
45 1 3 209 1 104 Presence 160
60 1 3 313 1 129 Presence 765
47 1 3 128 2 123 Absence 556
77 0 2 205 2 189 Presence 918
43 0 3 291 1 129 Presence 929
40 0 1 232 2 86 Presence 813
49 1 4 345 2 102 Absence 525
32 0 2 231 2 84 Absence 295
55 0 4 263 1 91 Absence 447
26 0 1 205 0 111 Presence 683
78 1 4 173 2 115 Presence 904
77 1 3 269 2 129 Absence 252
76 1 4 302 2 175 Presence 435
40 0 2 300 2 158 Presence 597
67 1 1 247 2 114 Absence 577
37 1 2 303 1 161 Absence 595
33 0 4 292 0 167 Absence 772
69 0 4 215 1 123 Absence 433
64 1 4 192 2 111 Presence 282
69 0 4 227 0 80 Absence 459
27 1 3 135 0 136 Absence 615
68 0 2 203 1 146 Presence 10
66 0 2 283 0 114 Absence 906
73 0 1 196 2 110 Presence 133
77 1 4 291 0 110 Presence 859
53 0 2 320 1 194 Presence 51
41 0 4 121 0 210 Presence 301
66 1 2 120 2 182 Presence 516
26 1 1 185 1 119 Absence 229
73 0 3 230 2 162 Absence 973
68 0 2 247 1 181 Absence 101
40 0 3 271 1 115 Absence 827
63 1 3 155 1 169 Presence 662
48 0 3 148 2 70 Absence 40
42 0 3 236 1 101 Absence 355
48 1 1 237 1 169 Presence 761
68 0 4 276 2 91 Absence 157
75 1 2 197 1 126 Presence 354
54 0 4 314 1 95 Presence 364
60 0 3 329 0 95 Presence 457
35 1 3 245 0 105 Presence 173
61 1 1 323 2 70 Presence 20
59 0 2 165 1 206 Absence 903
43 0 4 324 0 107 Presence 576
48 1 4 219 2 152 Presence 493
51 1 1 145 1 198 Absence 140
29 1 3 298 2 120 Presence 477
61 0 4 134 0 87 Absence 151
62 0 3 224 2 104 Presence 800
28 0 3 301 1 165 Presence 858
47 1 2 214 1 142 Absence 127
47 0 2 281 1 151 Absence 468
